image: turtlebot3.pgm
resolution: 0.050000
origin: [-3.733048, -3.050996, 0.0]
negate: 0
occupied_thresh: 0.65
free_thresh: 0.196
